1.00000 0.56308 0.55340 0.55602 0.54405 0.60279 0.50925
0.56308 1.00000 0.59679 0.56752 0.60393 0.50222 0.63283
0.55340 0.59679 1.00000 0.62844 0.58456 0.62685 0.63002
0.55602 0.56752 0.62844 1.00000 0.54545 0.69482 0.69482
0.54405 0.60393 0.58456 0.54545 1.00000 0.49059 0.60031
0.60279 0.50222 0.62685 0.69482 0.49059 1.00000 0.48965
0.50925 0.63283 0.63002 0.69482 0.60031 0.48965 1.00000
